  1.0   0.0   1.0   0.0  31.8   1.0
  1.0   0.0   1.0   2.0  31.6   1.0
  1.0   0.0   1.0   4.0  39.9   1.0
  1.0   0.0   1.0   6.0  40.5   1.0
  1.0   0.0   1.0   8.0  48.3   1.0
  2.0   0.0   0.0   0.0  24.5   1.0
  2.0   0.0   0.0   2.0  28.1   1.0
  2.0   0.0   0.0   4.0  30.6   1.0
  2.0   0.0   0.0   6.0  34.8   1.0
  2.0   0.0   0.0   8.0  35.3   1.0
  3.0   0.0   1.0   0.0  23.9   1.0
  3.0   0.0   1.0   2.0  27.0   1.0
  3.0   0.0   1.0   4.0  22.6   1.0
  3.0   0.0   1.0   8.0  27.7   1.0
  4.0   0.0   1.0   0.0  26.7   1.0
  4.0   0.0   1.0   2.0  26.3   1.0
  4.0   0.0   1.0   4.0  24.4   1.0
  4.0   0.0   1.0   6.0  26.7   1.0
  4.0   0.0   1.0   8.0  25.5   1.0
  5.0   0.0   0.0   0.0  25.3   1.0
  5.0   0.0   0.0   2.0  21.5   1.0
  5.0   0.0   0.0   6.0  22.5   1.0
  5.0   0.0   0.0   8.0  26.9   1.0
  6.0   0.0   0.0   0.0  23.1   1.0
  6.0   0.0   0.0   2.0  25.0   1.0
  6.0   0.0   0.0   4.0  24.3   1.0
  6.0   0.0   0.0   6.0  17.9   1.0
  6.0   0.0   0.0   8.0  17.0   1.0
  7.0   0.0   0.0   0.0  20.6   1.0
  7.0   0.0   0.0   2.0  21.5   1.0
  7.0   0.0   0.0   4.0  20.7   1.0
  7.0   0.0   0.0   6.0  23.5   1.0
  7.0   0.0   0.0   8.0  20.6   1.0
  8.0   1.0   0.0   0.0  31.0   1.0
  8.0   1.0   0.0   2.0  31.3   1.0
  8.0   1.0   0.0   4.0  35.3   1.0
  8.0   1.0   0.0   6.0  31.2   1.0
  8.0   1.0   0.0   8.0  35.5   1.0
  9.0   0.0   0.0   0.0  25.0   1.0
  9.0   0.0   0.0   2.0  25.3   1.0
  9.0   0.0   0.0   4.0  32.9   1.0
  9.0   0.0   0.0   8.0  26.1   1.0
 10.0   1.0   1.0   0.0  31.9   1.0
 10.0   1.0   1.0   2.0  24.4   1.0
 10.0   1.0   1.0   4.0  22.8   1.0
 10.0   1.0   1.0   6.0  21.8   1.0
 10.0   1.0   1.0   8.0  17.2   1.0
 11.0   1.0   1.0   0.0  23.9   1.0
 11.0   1.0   1.0   2.0  31.1   1.0
 11.0   1.0   1.0   4.0  29.6   1.0
 11.0   1.0   1.0   6.0  37.4   1.0
 12.0   1.0   1.0   0.0  27.2   1.0
 12.0   1.0   1.0   2.0  33.6   1.0
 12.0   1.0   1.0   6.0  31.9   1.0
 12.0   1.0   1.0   8.0  37.9   1.0
 13.0   0.0   1.0   0.0  24.1   1.0
 13.0   0.0   1.0   2.0  25.6   1.0
 13.0   0.0   1.0   4.0  14.0   1.0
 13.0   0.0   1.0   6.0  11.8   1.0
 14.0   1.0   0.0   0.0  26.9   1.0
 14.0   1.0   0.0   2.0  27.1   1.0
 14.0   1.0   0.0   4.0  25.0   1.0
 14.0   1.0   0.0   8.0  14.1   1.0
 15.0   0.0   0.0   0.0  30.7   1.0
 15.0   0.0   0.0   2.0  27.5   1.0
 15.0   0.0   0.0   4.0  23.9   1.0
 15.0   0.0   0.0   6.0  19.1   1.0
 15.0   0.0   0.0   8.0  17.7   1.0
 16.0   1.0   1.0   0.0  29.0   1.0
 16.0   1.0   1.0   2.0  28.8   1.0
 16.0   1.0   1.0   4.0  27.6   1.0
 16.0   1.0   1.0   8.0  28.0   1.0
 17.0   0.0   1.0   0.0  26.5   1.0
 17.0   0.0   1.0   2.0  29.6   1.0
 17.0   0.0   1.0   4.0  28.3   1.0
 17.0   0.0   1.0   6.0  31.2   1.0
 17.0   0.0   1.0   8.0  29.0   1.0
 18.0   0.0   0.0   0.0  28.7   1.0
 18.0   0.0   0.0   2.0  26.5   1.0
 18.0   0.0   0.0   4.0  25.0   1.0
 18.0   0.0   0.0   6.0  23.3   1.0
 18.0   0.0   0.0   8.0  27.1   1.0
 19.0   1.0   0.0   0.0  26.5   1.0
 19.0   1.0   0.0   2.0  24.8   1.0
 19.0   1.0   0.0   4.0  20.2   1.0
 19.0   1.0   0.0   6.0  20.6   1.0
 19.0   1.0   0.0   8.0  15.3   1.0
 20.0   1.0   1.0   0.0  34.3   1.0
 20.0   1.0   1.0   4.0  26.7   1.0
 20.0   1.0   1.0   6.0  31.4   1.0
 20.0   1.0   1.0   8.0  36.4   1.0
 21.0   0.0   0.0   0.0  26.6   1.0
 21.0   0.0   0.0   2.0  28.7   1.0
 21.0   0.0   0.0   6.0  20.9   1.0
 22.0   0.0   1.0   0.0  27.4   1.0
 22.0   0.0   1.0   2.0  14.4   1.0
 22.0   0.0   1.0   4.0  19.5   1.0
 22.0   0.0   1.0   6.0  20.9   1.0
 22.0   0.0   1.0   8.0  18.2   1.0
 23.0   0.0   1.0   0.0  26.5   1.0
 23.0   0.0   1.0   2.0  16.5   1.0
 23.0   0.0   1.0   6.0   8.5   1.0
 23.0   0.0   1.0   8.0   2.0   1.0
 24.0   1.0   1.0   0.0  29.9   1.0
 24.0   1.0   1.0   2.0  29.2   1.0
 24.0   1.0   1.0   4.0  35.2   1.0
 24.0   1.0   1.0   6.0  34.6   1.0
 24.0   1.0   1.0   8.0  33.2   1.0
 25.0   1.0   1.0   0.0  34.9   1.0
 25.0   1.0   1.0   4.0  22.7   1.0
 25.0   1.0   1.0   8.0  27.3   1.0
 26.0   1.0   1.0   0.0  30.7   1.0
 26.0   1.0   1.0   4.0  25.4   1.0
 26.0   1.0   1.0   8.0  32.5   1.0
 27.0   0.0   0.0   0.0  23.9   1.0
 27.0   0.0   0.0   2.0  20.7   1.0
 27.0   0.0   0.0   4.0  25.9   1.0
 27.0   0.0   0.0   6.0  19.3   1.0
 28.0   1.0   1.0   0.0  25.5   1.0
 28.0   1.0   1.0   2.0  28.8   1.0
 28.0   1.0   1.0   4.0  26.7   1.0
 28.0   1.0   1.0   6.0  27.4   1.0
 28.0   1.0   1.0   8.0  26.3   1.0
 29.0   0.0   0.0   0.0  20.1   1.0
 29.0   0.0   0.0   2.0  22.4   1.0
 29.0   0.0   0.0   4.0  15.0   1.0
 29.0   0.0   0.0   6.0  22.2   1.0
 29.0   0.0   0.0   8.0  12.4   1.0
 30.0   0.0   0.0   0.0  20.8   1.0
 30.0   0.0   0.0   2.0  26.7   1.0
 30.0   0.0   0.0   4.0  18.8   1.0
 30.0   0.0   0.0   8.0  21.0   1.0
 31.0   1.0   1.0   0.0  29.3   1.0
 31.0   1.0   1.0   2.0  25.0   1.0
 31.0   1.0   1.0   4.0  33.9   1.0
 31.0   1.0   1.0   6.0  24.7   1.0
 31.0   1.0   1.0   8.0  22.3   1.0
 32.0   0.0   0.0   0.0  24.8   1.0
 32.0   0.0   0.0   2.0  20.1   1.0
 32.0   0.0   0.0   8.0  21.7   1.0
 33.0   0.0   1.0   0.0  22.9   1.0
 33.0   0.0   1.0   2.0  20.6   1.0
 33.0   0.0   1.0   4.0  18.8   1.0
 33.0   0.0   1.0   8.0   9.1   1.0
 34.0   0.0   1.0   0.0  21.8   1.0
 34.0   0.0   1.0   2.0  24.3   1.0
 34.0   0.0   1.0   4.0  30.8   1.0
 34.0   0.0   1.0   6.0  25.1   1.0
 35.0   1.0   0.0   0.0  32.4   1.0
 35.0   1.0   0.0   2.0  25.9   1.0
 35.0   1.0   0.0   6.0  21.8   1.0
 35.0   1.0   0.0   8.0  28.9   1.0
 36.0   1.0   1.0   0.0  34.8   1.0
 36.0   1.0   1.0   2.0  28.9   1.0
 36.0   1.0   1.0   4.0  25.4   1.0
 36.0   1.0   1.0   8.0  35.8   1.0
 37.0   1.0   1.0   0.0  31.1   1.0
 37.0   1.0   1.0   4.0  20.5   1.0
 37.0   1.0   1.0   6.0  18.7   1.0
 37.0   1.0   1.0   8.0  11.8   1.0
 38.0   1.0   0.0   0.0  29.2   1.0
 38.0   1.0   0.0   2.0  26.1   1.0
 38.0   1.0   0.0   4.0  30.4   1.0
 38.0   1.0   0.0   6.0  41.4   1.0
 38.0   1.0   0.0   8.0  39.5   1.0
 39.0   1.0   1.0   0.0  34.1   1.0
 39.0   1.0   1.0   2.0  33.6   1.0
 39.0   1.0   1.0   6.0  33.5   1.0
 39.0   1.0   1.0   8.0  30.0   1.0
 40.0   0.0   0.0   0.0  23.8   1.0
 40.0   0.0   0.0   2.0  26.2   1.0
 40.0   0.0   0.0   4.0  23.5   1.0
 40.0   0.0   0.0   6.0  15.2   1.0
 40.0   0.0   0.0   8.0  13.5   1.0
 41.0   0.0   1.0   0.0  25.4   2.0
 41.0   0.0   1.0   6.0  25.8   2.0
 41.0   0.0   1.0   8.0  24.8   2.0
 42.0   1.0   1.0   0.0  23.5   2.0
 42.0   1.0   1.0   2.0  29.2   2.0
 42.0   1.0   1.0   4.0  30.5   2.0
 42.0   1.0   1.0   6.0  27.5   2.0
 43.0   0.0   0.0   0.0  26.3   2.0
 43.0   0.0   0.0   4.0  13.1   2.0
 43.0   0.0   0.0   6.0  11.9   2.0
 44.0   1.0   0.0   0.0  26.9   2.0
 44.0   1.0   0.0   2.0  28.5   2.0
 44.0   1.0   0.0   4.0  23.5   2.0
 44.0   1.0   0.0   6.0  21.8   2.0
 44.0   1.0   0.0   8.0  21.0   2.0
 45.0   0.0   0.0   0.0  28.5   2.0
 45.0   0.0   0.0   6.0  29.5   2.0
 45.0   0.0   0.0   8.0  34.6   2.0
 46.0   1.0   1.0   0.0  34.6   2.0
 46.0   1.0   1.0   6.0  31.5   2.0
 46.0   1.0   1.0   8.0  31.1   2.0
 47.0   0.0   1.0   0.0  32.8   2.0
 47.0   0.0   1.0   2.0  24.1   2.0
 47.0   0.0   1.0   4.0  21.1   2.0
 47.0   0.0   1.0   6.0  14.4   2.0
 47.0   0.0   1.0   8.0  15.6   2.0
 48.0   1.0   1.0   0.0  33.5   2.0
 48.0   1.0   1.0   2.0  27.0   2.0
 48.0   1.0   1.0   4.0  22.9   2.0
 48.0   1.0   1.0   6.0  13.2   2.0
 48.0   1.0   1.0   8.0  14.3   2.0
 49.0   1.0   0.0   0.0  28.5   2.0
 49.0   1.0   0.0   2.0  28.0   2.0
 49.0   1.0   0.0   4.0  21.8   2.0
 49.0   1.0   0.0   6.0  27.3   2.0
 49.0   1.0   0.0   8.0  32.1   2.0
 50.0   0.0   0.0   0.0  23.0   2.0
 50.0   0.0   0.0   2.0  29.6   2.0
 50.0   0.0   0.0   4.0  27.5   2.0
 50.0   0.0   0.0   6.0  30.0   2.0
 51.0   1.0   0.0   0.0  30.3   2.0
 51.0   1.0   0.0   2.0  24.9   2.0
 51.0   1.0   0.0   4.0  32.3   2.0
 51.0   1.0   0.0   6.0  33.4   2.0
 51.0   1.0   0.0   8.0  29.2   2.0
 52.0   1.0   1.0   0.0  27.7   2.0
 52.0   1.0   1.0   2.0  23.7   2.0
 52.0   1.0   1.0   4.0  11.0   2.0
 52.0   1.0   1.0   6.0  13.3   2.0
 52.0   1.0   1.0   8.0   8.5   2.0
 53.0   0.0   1.0   0.0  17.5   2.0
 53.0   0.0   1.0   2.0  16.3   2.0
 53.0   0.0   1.0   4.0  11.9   2.0
 54.0   0.0   0.0   0.0  22.6   2.0
 54.0   0.0   0.0   2.0  21.6   2.0
 54.0   0.0   0.0   6.0  11.5   2.0
 54.0   0.0   0.0   8.0  10.0   2.0
 55.0   0.0   0.0   0.0  22.7   2.0
 55.0   0.0   0.0   2.0  22.8   2.0
 55.0   0.0   0.0   4.0  18.9   2.0
 55.0   0.0   0.0   6.0  16.0   2.0
 55.0   0.0   0.0   8.0  15.1   2.0
 56.0   0.0   1.0   0.0  25.6   2.0
 56.0   0.0   1.0   2.0  31.3   2.0
 56.0   0.0   1.0   4.0  19.9   2.0
 56.0   0.0   1.0   6.0  23.1   2.0
 56.0   0.0   1.0   8.0  19.7   2.0
 57.0   0.0   1.0   0.0  21.5   2.0
 57.0   0.0   1.0   4.0  17.6   2.0
 57.0   0.0   1.0   6.0  19.7   2.0
 57.0   0.0   1.0   8.0  10.2   2.0
 58.0   1.0   1.0   0.0  28.9   2.0
 58.0   1.0   1.0   4.0  25.7   2.0
 58.0   1.0   1.0   8.0  31.5   2.0
 59.0   1.0   0.0   0.0  29.1   2.0
 59.0   1.0   0.0   2.0  32.3   2.0
 59.0   1.0   0.0   4.0  33.4   2.0
 59.0   1.0   0.0   6.0  37.2   2.0
 59.0   1.0   0.0   8.0  27.3   2.0
 60.0   0.0   0.0   0.0  30.8   2.0
 60.0   0.0   0.0   2.0  27.8   2.0
 60.0   0.0   0.0   4.0  28.6   2.0
 60.0   0.0   0.0   6.0  20.0   2.0
 60.0   0.0   0.0   8.0  24.2   2.0
 61.0   0.0   1.0   0.0  24.4   2.0
 61.0   0.0   1.0   4.0  13.3   2.0
 61.0   0.0   1.0   6.0   7.0   2.0
 61.0   0.0   1.0   8.0   1.7   2.0
 62.0   1.0   0.0   0.0  25.5   2.0
 62.0   1.0   0.0   2.0  25.1   2.0
 62.0   1.0   0.0   4.0  24.6   2.0
 62.0   1.0   0.0   6.0  22.9   2.0
 62.0   1.0   0.0   8.0  17.3   2.0
 63.0   1.0   1.0   0.0  33.2   2.0
 63.0   1.0   1.0   4.0  28.9   2.0
 63.0   1.0   1.0   6.0  30.9   2.0
 63.0   1.0   1.0   8.0  33.3   2.0
 64.0   1.0   1.0   0.0  31.1   2.0
 64.0   1.0   1.0   2.0  23.6   2.0
 64.0   1.0   1.0   4.0  23.3   2.0
 64.0   1.0   1.0   6.0  17.1   2.0
 64.0   1.0   1.0   8.0  23.6   2.0
 65.0   0.0   1.0   0.0  25.0   2.0
 65.0   0.0   1.0   2.0  20.4   2.0
 65.0   0.0   1.0   4.0  12.1   2.0
 65.0   0.0   1.0   6.0  14.4   2.0
 65.0   0.0   1.0   8.0   4.6   2.0
 66.0   0.0   1.0   0.0  24.5   2.0
 66.0   0.0   1.0   2.0  19.2   2.0
 66.0   0.0   1.0   4.0  17.7   2.0
 66.0   0.0   1.0   6.0  18.1   2.0
 66.0   0.0   1.0   8.0  15.1   2.0
 67.0   0.0   0.0   0.0  29.7   2.0
 67.0   0.0   0.0   2.0  25.3   2.0
 67.0   0.0   0.0   4.0  13.3   2.0
 67.0   0.0   0.0   6.0   9.2   2.0
 67.0   0.0   0.0   8.0   0.9   2.0
 68.0   1.0   0.0   0.0  37.5   2.0
 68.0   1.0   0.0   4.0  26.0   2.0
 68.0   1.0   0.0   6.0  31.4   2.0
 69.0   0.0   0.0   0.0  15.1   2.0
 69.0   0.0   0.0   2.0  22.0   2.0
 69.0   0.0   0.0   6.0  30.8   2.0
 70.0   1.0   0.0   0.0  33.7   2.0
 70.0   1.0   0.0   2.0  31.9   2.0
 70.0   1.0   0.0   4.0  26.0   2.0
 70.0   1.0   0.0   6.0  33.0   2.0
 70.0   1.0   0.0   8.0  30.7   2.0
 71.0   1.0   0.0   0.0  35.4   2.0
 71.0   1.0   0.0   4.0  28.8   2.0
 71.0   1.0   0.0   6.0  24.4   2.0
 71.0   1.0   0.0   8.0  22.8   2.0
 72.0   0.0   1.0   0.0  27.6   2.0
 72.0   0.0   1.0   2.0  23.8   2.0
 72.0   0.0   1.0   6.0  15.7   2.0
 72.0   0.0   1.0   8.0  15.8   2.0
 73.0   0.0   1.0   0.0  29.2   2.0
 73.0   0.0   1.0   2.0  26.9   2.0
 73.0   0.0   1.0   4.0  21.4   2.0
 73.0   0.0   1.0   6.0  19.6   2.0
 73.0   0.0   1.0   8.0  17.8   2.0
 74.0   0.0   0.0   0.0  20.4   2.0
 74.0   0.0   0.0   2.0  20.2   2.0
 74.0   0.0   0.0   4.0  24.2   2.0
 74.0   0.0   0.0   6.0  24.3   2.0
 74.0   0.0   0.0   8.0  19.7   2.0
 75.0   1.0   1.0   0.0  24.6   2.0
 75.0   1.0   1.0   2.0  26.5   2.0
 75.0   1.0   1.0   4.0  18.9   2.0
 75.0   1.0   1.0   6.0  11.9   2.0
 75.0   1.0   1.0   8.0  19.8   2.0
 76.0   1.0   1.0   0.0  35.5   2.0
 76.0   1.0   1.0   2.0  32.6   2.0
 76.0   1.0   1.0   4.0  24.7   2.0
 76.0   1.0   1.0   6.0  25.2   2.0
 76.0   1.0   1.0   8.0  28.6   2.0
 77.0   1.0   1.0   0.0  27.8   2.0
 77.0   1.0   1.0   2.0  31.9   2.0
 77.0   1.0   1.0   6.0  21.1   2.0
 77.0   1.0   1.0   8.0  15.9   2.0
 78.0   0.0   1.0   0.0  19.7   2.0
 78.0   0.0   1.0   2.0  21.1   2.0
 78.0   0.0   1.0   4.0  25.8   2.0
 78.0   0.0   1.0   6.0  26.5   2.0
 78.0   0.0   1.0   8.0  32.0   2.0
 79.0   0.0   1.0   0.0  25.6   2.0
 79.0   0.0   1.0   2.0  24.2   2.0
 79.0   0.0   1.0   4.0  11.0   2.0
 79.0   0.0   1.0   6.0  23.5   2.0
 79.0   0.0   1.0   8.0  14.5   2.0
 80.0   1.0   0.0   0.0  27.9   2.0
 80.0   1.0   0.0   2.0  40.0   2.0
 80.0   1.0   0.0   4.0  30.3   2.0
 80.0   1.0   0.0   6.0  34.2   2.0
 80.0   1.0   0.0   8.0  31.2   2.0
 81.0   1.0   1.0   0.0  32.0   3.0
 81.0   1.0   1.0   4.0  17.1   3.0
 81.0   1.0   1.0   8.0  13.5   3.0
 82.0   1.0   0.0   0.0  29.0   3.0
 82.0   1.0   0.0   2.0  28.3   3.0
 82.0   1.0   0.0   4.0  30.7   3.0
 82.0   1.0   0.0   6.0  32.5   3.0
 82.0   1.0   0.0   8.0  27.8   3.0
 83.0   1.0   1.0   0.0  29.9   3.0
 83.0   1.0   1.0   2.0  29.9   3.0
 83.0   1.0   1.0   4.0  34.0   3.0
 83.0   1.0   1.0   6.0  41.9   3.0
 83.0   1.0   1.0   8.0  38.4   3.0
 84.0   0.0   1.0   0.0  31.2   3.0
 84.0   0.0   1.0   2.0  23.9   3.0
 84.0   0.0   1.0   4.0  12.9   3.0
 84.0   0.0   1.0   8.0   0.5   3.0
 85.0   1.0   1.0   0.0  31.4   3.0
 85.0   1.0   1.0   2.0  26.6   3.0
 85.0   1.0   1.0   4.0  21.3   3.0
 85.0   1.0   1.0   6.0  19.9   3.0
 85.0   1.0   1.0   8.0  11.7   3.0
 86.0   1.0   0.0   0.0  26.9   3.0
 86.0   1.0   0.0   2.0  30.6   3.0
 86.0   1.0   0.0   4.0  12.7   3.0
 86.0   1.0   0.0   6.0  13.0   3.0
 87.0   0.0   0.0   0.0  28.9   3.0
 87.0   0.0   0.0   2.0  20.2   3.0
 87.0   0.0   0.0   4.0  21.1   3.0
 87.0   0.0   0.0   6.0  16.4   3.0
 87.0   0.0   0.0   8.0  14.8   3.0
 88.0   1.0   0.0   0.0  33.1   3.0
 88.0   1.0   0.0   2.0  27.4   3.0
 88.0   1.0   0.0   4.0  22.1   3.0
 88.0   1.0   0.0   6.0  15.7   3.0
 88.0   1.0   0.0   8.0  16.9   3.0
 89.0   0.0   0.0   0.0  18.5   3.0
 89.0   0.0   0.0   4.0  22.1   3.0
 89.0   0.0   0.0   8.0  19.2   3.0
 90.0   1.0   0.0   0.0  28.3   3.0
 90.0   1.0   0.0   6.0  17.4   3.0
 90.0   1.0   0.0   8.0  15.8   3.0
 91.0   1.0   0.0   0.0  31.7   3.0
 91.0   1.0   0.0   2.0  27.6   3.0
 91.0   1.0   0.0   4.0  28.8   3.0
 91.0   1.0   0.0   8.0  30.6   3.0
 92.0   1.0   0.0   0.0  29.8   3.0
 92.0   1.0   0.0   2.0  30.6   3.0
 92.0   1.0   0.0   4.0  27.3   3.0
 92.0   1.0   0.0   6.0  28.0   3.0
 92.0   1.0   0.0   8.0  28.7   3.0
 93.0   0.0   0.0   0.0  31.7   3.0
 93.0   0.0   0.0   2.0  27.5   3.0
 93.0   0.0   0.0   4.0  24.3   3.0
 93.0   0.0   0.0   6.0  14.3   3.0
 93.0   0.0   0.0   8.0  18.0   3.0
 94.0   0.0   0.0   0.0  29.0   3.0
 94.0   0.0   0.0   2.0  20.3   3.0
 94.0   0.0   0.0   4.0  18.6   3.0
 94.0   0.0   0.0   6.0  21.4   3.0
 94.0   0.0   0.0   8.0  23.2   3.0
 95.0   0.0   1.0   0.0  19.0   3.0
 95.0   0.0   1.0   2.0  17.0   3.0
 95.0   0.0   1.0   4.0  13.7   3.0
 95.0   0.0   1.0   6.0   8.5   3.0
 96.0   1.0   0.0   0.0  30.6   3.0
 96.0   1.0   0.0   2.0  33.6   3.0
 96.0   1.0   0.0   4.0  38.5   3.0
 96.0   1.0   0.0   8.0  32.7   3.0
 97.0   0.0   0.0   0.0  24.9   3.0
 97.0   0.0   0.0   2.0  25.4   3.0
 97.0   0.0   0.0   4.0  22.3   3.0
 97.0   0.0   0.0   6.0  23.8   3.0
 97.0   0.0   0.0   8.0  21.3   3.0
 98.0   0.0   0.0   0.0  25.8   3.0
 98.0   0.0   0.0   2.0  25.4   3.0
 98.0   0.0   0.0   4.0  24.2   3.0
 98.0   0.0   0.0   6.0  24.2   3.0
 98.0   0.0   0.0   8.0  20.2   3.0
 99.0   0.0   1.0   0.0  22.8   3.0
 99.0   0.0   1.0   2.0  23.8   3.0
 99.0   0.0   1.0   4.0  18.3   3.0
 99.0   0.0   1.0   6.0  23.0   3.0
 99.0   0.0   1.0   8.0  15.6   3.0
100.0   1.0   0.0   0.0  28.5   3.0
100.0   1.0   0.0   2.0  24.6   3.0
100.0   1.0   0.0   6.0  23.0   3.0
100.0   1.0   0.0   8.0  22.2   3.0
101.0   0.0   0.0   0.0  20.4   3.0
101.0   0.0   0.0   2.0  24.4   3.0
101.0   0.0   0.0   6.0  16.5   3.0
102.0   0.0   0.0   0.0  22.2   3.0
102.0   0.0   0.0   2.0  22.0   3.0
102.0   0.0   0.0   4.0   7.5   3.0
102.0   0.0   0.0   6.0  12.9   3.0
103.0   0.0   0.0   0.0  25.8   3.0
103.0   0.0   0.0   2.0  28.0   3.0
103.0   0.0   0.0   4.0  31.3   3.0
103.0   0.0   0.0   6.0  34.4   3.0
103.0   0.0   0.0   8.0  32.9   3.0
104.0   1.0   0.0   0.0  30.6   3.0
104.0   1.0   0.0   2.0  33.9   3.0
104.0   1.0   0.0   4.0  32.9   3.0
104.0   1.0   0.0   6.0  36.0   3.0
104.0   1.0   0.0   8.0  34.7   3.0
105.0   1.0   1.0   0.0  30.8   3.0
105.0   1.0   1.0   2.0  28.3   3.0
105.0   1.0   1.0   6.0  21.0   3.0
105.0   1.0   1.0   8.0  16.5   3.0
106.0   0.0   0.0   0.0  23.2   3.0
106.0   0.0   0.0   2.0  20.4   3.0
106.0   0.0   0.0   6.0  15.6   3.0
106.0   0.0   0.0   8.0  13.9   3.0
107.0   0.0   0.0   0.0  26.8   3.0
107.0   0.0   0.0   2.0  26.7   3.0
107.0   0.0   0.0   4.0  24.9   3.0
107.0   0.0   0.0   6.0  19.5   3.0
107.0   0.0   0.0   8.0  11.3   3.0
108.0   1.0   1.0   0.0  30.2   3.0
108.0   1.0   1.0   2.0  29.0   3.0
108.0   1.0   1.0   4.0  22.4   3.0
108.0   1.0   1.0   6.0  23.1   3.0
108.0   1.0   1.0   8.0  16.5   3.0
109.0   0.0   1.0   0.0  32.7   3.0
109.0   0.0   1.0   2.0  15.8   3.0
109.0   0.0   1.0   4.0  19.2   3.0
109.0   0.0   1.0   6.0  14.0   3.0
109.0   0.0   1.0   8.0  10.2   3.0
110.0   1.0   1.0   0.0  28.2   3.0
110.0   1.0   1.0   2.0  27.4   3.0
110.0   1.0   1.0   4.0  29.7   3.0
110.0   1.0   1.0   6.0  26.8   3.0
110.0   1.0   1.0   8.0  31.9   3.0
111.0   1.0   1.0   0.0  26.6   3.0
111.0   1.0   1.0   2.0  17.7   3.0
111.0   1.0   1.0   6.0  16.6   3.0
111.0   1.0   1.0   8.0  10.4   3.0
112.0   1.0   1.0   0.0  29.1   3.0
112.0   1.0   1.0   2.0  25.8   3.0
112.0   1.0   1.0   4.0  31.2   3.0
112.0   1.0   1.0   6.0  28.5   3.0
112.0   1.0   1.0   8.0  27.0   3.0
113.0   1.0   0.0   0.0  31.7   3.0
113.0   1.0   0.0   2.0  23.3   3.0
113.0   1.0   0.0   4.0  14.2   3.0
113.0   1.0   0.0   6.0  17.0   3.0
113.0   1.0   0.0   8.0  18.0   3.0
114.0   1.0   1.0   0.0  25.0   3.0
114.0   1.0   1.0   4.0  27.1   3.0
114.0   1.0   1.0   6.0  23.3   3.0
115.0   0.0   0.0   0.0  23.1   3.0
115.0   0.0   0.0   2.0  19.0   3.0
115.0   0.0   0.0   4.0  23.4   3.0
116.0   0.0   1.0   0.0  22.5   3.0
116.0   0.0   1.0   2.0  25.3   3.0
116.0   0.0   1.0   4.0  20.4   3.0
116.0   0.0   1.0   6.0  14.2   3.0
116.0   0.0   1.0   8.0  17.7   3.0
117.0   0.0   1.0   0.0  19.8   3.0
117.0   0.0   1.0   2.0  26.3   3.0
117.0   0.0   1.0   4.0  19.6   3.0
117.0   0.0   1.0   6.0  22.1   3.0
118.0   0.0   1.0   0.0  24.2   3.0
118.0   0.0   1.0   2.0  25.5   3.0
118.0   0.0   1.0   4.0  29.9   3.0
118.0   0.0   1.0   6.0  31.6   3.0
118.0   0.0   1.0   8.0  32.6   3.0
119.0   0.0   1.0   0.0  27.7   3.0
119.0   0.0   1.0   2.0  21.7   3.0
119.0   0.0   1.0   4.0  15.0   3.0
119.0   0.0   1.0   6.0  14.3   3.0
119.0   0.0   1.0   8.0  10.1   3.0
120.0   1.0   0.0   0.0  27.2   3.0
120.0   1.0   0.0   2.0  25.5   3.0
120.0   1.0   0.0   4.0  22.7   3.0
120.0   1.0   0.0   6.0  16.1   3.0
120.0   1.0   0.0   8.0  10.7   3.0
